 52
  9
201
171
132
220
 46
235
 59
108
 32
 51
123
 80
 97
237
 11
232
 24
 27
242
 88
142
235
232
 65
156
157
249
 58
248
173
220
 78
 45
237
208
  5
171
228
177
  6
202
 95
153
147
121
250
118
132
156
151
135
190
141
  3
131
241
 49
125
 37
144
186
 30
103
161
146
 77
104
232
 63
 89
 72
196
158
 43
212
 24
  2
 56
249
150
  3
 13
238
153
144
153
 46
 75
 52
230
213
135
 63
177
193
215
169
152
231
 85
 19
107
 76
255
144
102
240
 31
 58
202
 21
 28
 75
230
127
102
253
237
166
116
175
 74
 68
 49
 28
 12
 35
233
 47
 48
110
 30
168
184
108
198
 49
 49
 61
122
 21
 59
 57
222
 64
112
 25
246
177
145
 66
137
 85
 97
217
 46
212
101
203
141
 37
 28
155
191
256
123
 40
153
 22
102
128
255
181
 65
  4
233
 56
187
  4
 52
183
190
251
158
255
118
 82
 57
 44
115
 64
228
102
 95
159
 82
130
 96
111
 52
128
236
 47
152
 31
119
 43
159
 88
184
208
223
163
215
 73
121
165
220
 59
 82
206
154
143
140
227
 42
 17
145
 60
 32
 20
120
170
 27
227
 62
 82
218
223
115
187
160
245
137
232
212
 33
 76
209
175
 43
  9
 78
147
 94
148
234
220
 95
151
 26
 86
 90
 27
178
 46
145
145
174
 61
160
 60
111
 74
120
 30
199
 98
132
148
 36
240
227
 76
 66
 44
 72
 32
165
 88
 91
 92
 11
 47
  4
 87
254
 64
172
203
130
 51
221
 77
138
 86
141
  9
183
 12
154
 61
112
 59
200
132
 13
209
 12
 89
254
 60
 51
 32
202
233
139
133
173
 24
223
253
 53
156
143
245
 75
163
 93
 25
150
253
123
174
202
193
 94
136
250
 81
190
134
 13
250
140
141
191
 94
 12
 72
110
 98
178
170
 64
169
122
190
242
105
157
  5
131
110
133
 45
 78
181
169
108
177
213
251
 26
 83
 99
122
222
117
 85
219
153
174
 81
209
 41
144
143
 29
244
 31
 39
206
  6
103
 38
174
115
116
236
199
 80
201
134
228
106
251
 86
255
 83
150
124
 12
252
156
151
201
171
176
 75
192
 69
146
215
226
 26
213
232
156
147
 19
100
168
 42
123
123
 52
189
 27
167
106
 42
 10
115
 75
140
255
 55
 26
154
 27
105
118
200
188
108
137
239
 27
 83
168
 45
211
 58
 13
105
143
 68
 23
229
157
 92
 17
 75
155
150
120
203
155
 50
 88
247
122
207
 48
161
212
132
189
137
227
 75
172
202
  2
 52
228
241
201
 57
116
201
 80
 65
117
211
 86
133
 55
 37
169
212
179
 55
 16
176
 39
141
210
 12
170
 42
156
185
  6
 73
175
135
242
180
 77
 26
227
144
 40
 33
145
241
164
118
107
156
 11
200
 34
 94
131
 93
 74
184
164
242
 75
105
 13
199
209
177
212
243
 84
228
165
 24
 32
 39
199
 60
238
182
228
137
176
106
  6
 54
122
 68
 64
149
108
219
 63
 95
 84
 29
147
178
 99
 45
  3
 45
175
174
202
 69
229
223
199
245
 82
176
122
170
 30
134
  2
 11
156
104
126
 98
152
194
 19
141
 18
251
228
121
103
138
164
  1
 16
179
165
  4
 27
  4
 55
159
 27
 15
 46
193
 87
239
174
 78
204
171
 67
180
140
 21
190
140
 77
175
232
175
161
 18
 74
 16
 16
177
253
229
206
121
166
144
174
209
 95
182
240
139
185
205
207
 83
235
211
245
120
157
  5
 61
 85
 45
 88
121
254
213
 80
240
  1
 78
241
178
178
114
165
195
  5
149
210
204
 84
142
244
183
110
188
 60
226
206
197
  9
194
 95
207
200
221
 24
 86
 65
149
219
103
 44
250
 47
222
 85
232
141
 45
221
 39
122
 18
 95
239
 97
175
 91
175
192
 17
250
113
189
190
 61
 81
229
207
106
 16
187
149
227
250
116
  6
 79
156
175
183
229
109
 93
134
138
 72
123
 50
 86
251
169
 83
 45
 27
207
 89
251
125
 28
 84
 90
 28
 41
168
111
245
129
144
248
 27
165
107
243
185
176
 73
 99
212
 95
137
156
 50
135
249
 71
 36
 57
214
120
195
185
158
 22
 16
197
 15
 61
186
 99
238
 41
177
206
207
 65
168
233
114
 96
 29
 59
 40
103
  2
232
161
115
207
230
133
129
101
119
174
160
213
236
153
 98
202
 67
183
 52
 46
 43
215
235
 12
234
 60
206
 24
204
168
  2
 36
 33
 33
136
  8
132
244
108
255
 37
140
 77
 26
199
 14
103
 98
 47
246
206
 96
 24
211
123
249
254
  4
130
250
  9
 86
157
 90
155
  6
 21
175
234
253
126
183
197
256
237
256
143
 85
 57
121
 46
228
 40
 26
207
  7
 35
105
  3
 79
246
 85
248
 18
171
106
154
111
 87
 28
 94
100
104
200
 74
231
 57
 52
 35
149
 15
207
153
123
115
142
 52
166
 28
204
118
 50
 44
 58
147
144
211
107
218
 88
 69
 29
 67
140
 36
 51
140
 66
245
236
  7
 62
 56
175
246
188
 97
201
 53
 70
183
102
 79
187
 52
163
248
115
167
 80
179
 68
 60
217
190
201
222
190
187
 44
  3
 63
146
 77
128
 74
196
116
110
229
181
191
 81
215
 92
216
 72
193
 98
125
 50
 74
 18
238
 23
106
105
170
 49
 43
249
133
104
242
211
 44
 35
  8
155
201
 85
 98
145
164
204
221
  6
206
 92
115
 45
115
160
253
100
138
 40
139
 15
 60
 35
160
 10
248
185
 49
138
 81
200
 17
 10
145
  5
 62
125
112
209
192
233
238
 30
 30
226
242
102
160
232
 29
 61
 19
157
247
164
 64
  4
114
170
165
251
103
123
170
225
 27
183
191
 33
242
214
 52
221
 23
 20
 29
 78
206
 39
222
 53
 13
203
224
 33
161
 31
188
189
211
127
 73
 80
 38
 12
  7
120
137
192
167
 52
  7
159
189
131
117
220
234
 71
145
188
 50
198
 13
136
 97
 96
233
204
219
  8
 47
146
 40
125
 11
159
216
  4
 22
  7
244
 92
 42
 16
161
199
 79
179
145
139
113
199
 40
 90
 82
219
175
198
159
 17
118
 40
237
202
 30
219
210
 41
 18
179
 99
 79
151
126
192
  5
200
187
 23
254
 43
 21
139
 26
 69
165
250
 47
107
241
 39
209
181
 65
 13
180
 75
115
 56
239
203
172
249
160
197
214
189
141
135
226
146
 76
245
133
 45
 86
196
 18
 52
140
191
 54
209
247
229
 69
103
 55
 48
 81
125
233
140
174
109
227
209
106
236
 92
133
229
130
 20
 81
 76
 76
 19
 68
118
181
 65
 58
 13
193
151
 84
192
170
161
101
 65
 72
 21
113
 65
204
 47
116
241
 47
 36
154
213
 77
254
 75
 88
130
244
 52
191
212
204
230
 74
255
106
 60
 41
120
222
228
 58
 23
111
251
228
232
103
197
 69
 10
144
151
105
164
 96
235
162
 58
212
175
217
173
219
 12
 12
 33
245
  2
145
191
145
187
244
124
 10
166
128
254
250
 98
 12
179
168
 71
229
123
100
 52
 16
144
228
 77
 90
136
 61
 24
 71
 39
234
190
175
229
239
 26
205
138
 78
 21
235
204
119
116
185
233
 72
172
163
216
 27
208
133
 77
102
 70
178
108
119
250
250
192
186
111
 94
 26
211
180
 30
176
118
131
 39
158
230
 58
243
170
 67
118
134
221
163
 16
129
106
151
 58
165
 82
 49
 92
229
211
 75
174
201
137
186
114
102
  9
 44
 43
225
116
206
211
167
176
 67
210
 29
 18
 29
169
 11
151
112
215
 28
235
119
170
149
 92
181
129
254
158
 59
 15
173
237
128
192
115
181
250
148
130
129
172
 72
 82
160
124
127
250
117
157
 38
154
176
251
180
  8
189
192
 60
168
 73
232
109
 38
125
 54
 43
150
 41
 45
145
256
196
248
 81
216
173
151
 52
 75
188
 60
 31
173
169
 17
145
 82
 35
  4
107
108
116
129
  8
254
128
239
106
253
249
 61
244
130
238
161
 20
100
 82
 19
 22
139
 63
217
126
 72
115
169
142
107
 12
166
103
106
 86
224
252
138
100
157
 31
220
 26
207
  7
 95
250
128
 90
132
 25
 27
222
209
 56
 32
 96
173
176
128
246
250
135
  3
 93
194
 30
189
175
137
152
 60
199
124
149
133
164
221
236
123
 61
183
214
169
150
208
 43
190
 51
 45
109
121
174
 16
 49
 87
143
203
  5
234
118
108
 51
219
153
181
248
120
243
 87
172
154
187
156
 39
247
245
204
210
201
163
247
 38
173
100
 82
231
109
 75
237
 48
188
125
195
200
 33
230
196
243
174
108
103
254
145
176
 75
244
 12
 51
209
 52
 63
 12
229
  1
135
 10
140
167
 62
100
138
215
225
188
 59
196
118
106
 26
111
142
221
228
 88
245
182
256
143
182
170
249
116
104
 80
182
187
237
127
 47
250
175
179
123
135
182
 44
193
 11
209
 52
217
232
141
135
 21
 22
202
180
130
 61
229
 40
 59
  9
148
 56
252
175
251
134
133
207
201
150
180
181
122
146
149
181
200
 35
111
236
107
159
 22
 82
176
 56
167
 58
106
 17
215
135
 86
 54
 89
 36
207
  7
149
139
152
244
215
 72
  8
155
  6
 77
 85
163
190
 39
 36
 86
223
127
 35
 27
226
 35
 11
228
 25
189
153
 24
115
 27
 66
176
147
 47
192
130
237
 68
117
132
 40
 70
131
159
 10
 44
 59
 24
 58
 76
163
116
 78
237
181
128
 19
234
245
241
 50
 27
 71
111
231
175
132
242
198
112
 95
103
225
 24
 23
 32
143
 95
146
209
208
241
146
190
130
118
100
118
 39
 22
120
 42
178
 60
161
184
222
 58
239
 53
137
175
195
147
223
 96
162
 51
 60
174
164
242
159
158
142
  2
 86
102
 61
216
234
 43
 52
 42
149
179
 49
113
 84
155
172
228
203
249
189
173
113
252
 37
237
 42
 72
 47
196
217
 75
204
174
 63
 96
 65
182
 66
 56
105
 40
173
227
 10
 15
205
171
183
 86
 16
198
159
 15
189
112
170
196
206
163
  3
176
 26
229
120
107
 98
 67
143
164
225
205
129
 49
112
146
111
 32
243
211
184
127
142
 75
227
252
110
 37
124
177
121
 75
218
138
123
208
 36
 12
105
 68
187
 96
 53
 54
197
227
210
 77
 91
218
 35
199
113
 94
 52
123
127
159
220
136
242
 50
215
 13
243
132
178
254
154
 92
179
166
126
 56
165
198
240
 76
125
194
142
 47
241
256
112
217
126
149
 90
192
199
118
 15
105
207
 42
 25
144
182
  3
148
160
107
 91
 18
 26
243
142
 73
246
 69
182
226
235
245
 30
241
134
122
 79
224
159
 46
255
129
 77
 37
153
132
106
110
251
145
 98
 52
 82
 70
 59
100
173
 24
178
 82
242
148
233
160
  5
 41
204
205
181
255
 60
250
168
192
 46
159
183
 72
175
 91
167
175
 36
167
 61
218
215
107
180
182
 18
  4
243
 42
108
121
 49
168
 53
231
251
204
138
113
134
243
184
 82
186
 92
105
128
 82
227
173
194
163
 10
150
110
172
 31
224
 46
220
213
112
  4
140
 63
234
225
 34
149
245
102
203
131
107
180
 49
217
239
177
158
234
125
 56
211
164
 32
 41
211
186
109
174
104
 60
 83
195
168
215
156
198
 48
 54
 62
171
128
154
 39
 96
168
110
252
132
122
 54
148
 76
247
211
 95
 73
201
188
 53
 58
155
104
198
237
 96
189
  1
 65
 36
 46
127
130
177
138
 83
 72
  1
136
 25
 40
 29
 74
123
 92
 96
252
243
190
 19
131
124
142
149
 80
 44
 82
 67
185
 43
238
 47
219
233
 51
 35
 95
103
180
183
 37
 16
101
149
157
108
249
188
 10
 77
 27
205
126
 15
 33
138
124
 89
  3
247
112
202
247
249
223
 87
 93
137
 24
214
136
111
124
218
 10
196
202
163
159
197
 20
 65
152
131
 75
156
181
242
195
105
130
250
116
116
 58
101
 88
  9
 27
246
 70
138
 55
 50
243
254
194
 47
174
125
 57
143
254
 57
 80
 33
 10
165
 11
193
 70
159
184
221
 53
 64
215
178
100
 80
115
247
 77
252
 12
228
 82
 19
241
189
 24
253
232
214
 25
128
 43
 57
111
251
112
168
 60
187
 62
104
 79
251
110
216
 59
132
 46
227
142
134
 38
174
204
105
 92
 84
185
238
187
241
117
211
237
186
108
 44
135
190
182
 96
 40
153
177
 45
 35
147
 57
148
101
206
  8
117
134
 82
244
 26
193
100
 65
 21
153
161
212
 75
172
 47
115
211
 64
141
 81
 31
 34
 46
 52
211
225
 68
148
203
141
119
240
 73
179
106
218
129
178
  9
212
 25
178
200
115
 79
206
 36
 62
 20
  6
  6
238
142
  5
 69
 62
216
 40
205
249
224
159
125
231
119
 20
195
 44
  1
 72
 40
208
 52
 53
 91
204
124
 81
143
197
 96
 23
192
 23
122
 65
 45
 13
 11
 27
121
161
213
162
161
208
231
 77
157
203
101
256
206
 99
181
 44
 26
196
 50
169
 11
140
120
186
 55
 27
 23
 74
180
227
233
110
201
238
252
244
 62
216
208
 67
107
 13
186
 81
160
138
213
 31
170
226
237
 65
 30
 50
 98
212
145
133
172
  9
152
110
217
170
212
102
229
109
156
146
 37
238
 62
253
 91
131
208
195
234
 88
104
 30
 60
173
111
174
 11
239
 75
208
184
121
 36
219
125
158
 13
109
  2
 46
144
  8
234
222
174
 99
221
194
218
 76
 66
217
 63
244
 89
185
162
 59
 59
170
  9
195
 49
219
228
254
147
231
155
139
 96
148
  1
  2
 90
  6
 15
 85
 50
146
193
157
206
125
205
 52
112
245
118
 51
174
 36
 50
 25
 17
174
 96
232
 81
105
109
132
  4
250
 36
 57
 79
248
 27
145
208
 48
221
116
  3
219
242
219
  5
239
  2
 70
151
 62
116
140
129
 24
 98
218
 54
 11
100
 84
 54
158
 46
210
210
155
242
160
229
 46
218
 18
 31
208
238
197
161
186
186
219
 68
211
 14
191
235
 88
244
196
 55
 36
 70
214
229
 16
226
 69
223
136
164
231
215
212
180
201
131
228
 18
217
 53
146
 85
 79
 91
189
 91
 93
 94
 88
131
252
256
156
143
 23
 54
131
230
201
192
147
102
 72
 20
 27
105
 53
 73
149
114
 23
180
160
214
120
102
237
104
 41
 27
236
 34
 55
204
206
129
  2
101
165
154
 96
 40
  5
235
 91
 34
238
 94
242
 23
108
 61
111
199
244
111
 13
235
 78
203
131
  8
 85
 83
254
143
150
 72
 23
 79
202
194
156
137
 24
141
113
165
219
 55
253
118
 35
173
 11
111
244
 43
 69
 79
199
107
181
 59
234
132
 70
119
103
212
 58
108
221
205
132
112
 85
 91
 20
202
169
206
214
178
189
 99
  9
164
 27
 59
 40
 48
 72
168
 51
 69
235
156
 31
109
 63
204
198
176
239
 70
 99
118
 96
108
239
181
209
203
249
248
 48
129
 60
157
181
145
 37
 83
136
229
254
167
110
 71
 88
101
228
211
170
 75
 39
197
168
130
 43
221
103
170
230
153
170
 87
 16
 54
  5
 41
240
 24
148
 75
236
209
188
169
110
164
120
175
236
100
  1
  5
124
133
171
110
196
 40
107
148
210
152
136
160
128
 68
118
246
244
 14
136
 69
240
 19
 80
 79
138
156
122
109
246
123
150
 29
197
 79
 82
121
117
164
151
209
216
192
  5
178
125
151
158
 33
174
211
 34
 45
226
184
110
 89
228
 42
 99
 79
140
168
124
224
119
 12
 69
 29
223
231
 39
181
165
153
  7
106
 93
 25
100
 97
111
132
253
143
133
158
  3
253
230
119
156
 75
 88
166
 95
 96
102
 56
106
216
190
151
235
100
189
154
149
143
  2
 97
 96
 71
 45
202
  6
 32
  8
126
 76
 69
110
183
113
191
101
102
 65
242
221
 76
248
256
 25
105
215
237
177
219
235
  4
166
 37
123
237
109
197
110
126
 29
 78
110
183
 49
 89
149
 50
 76
126
 67
256
 30
134
210
128
144
231
233
228
218
116
123
 16
185
171
109
243
 27
175
124
 22
 42
222
 75
186
244
150
 74
 68
  3
166
102
223
147
251
 64
  9
 58
209
156
 78
189
213
189
 51
 88
 59
 28
133
 82
171
 22
161
154
246
182
201
193
 71
 28
 72
 39
  8
 54
 91
 42
 89
 15
 74
177
228
219
197
 96
 31
 25
148
243
140
256
 31
175
238
149
133
 39
 92
149
247
105
220
 32
157
214
 34
254
 11
161
145
 33
 16
217
180
135
172
235
124
229
 67
 94
 20
143
213
 99
 94
131
188
119
196
237
 44
 40
 43
 83
155
 99
 37
 82
 91
 79
231
214
192
157
111
 21
 20
253
144
 19
193
 63
250
 57
198
227
 35
200
109
 58
 40
113
208
182
  3
 23
 72
234
185
 38
202
 22
226
 31
 47
201
165
 15
 32
171
 41
 38
 25
 63
215
 64
136
215
210
222
189
248
 31
  7
 41
162
 70
 73
242
242
126
231
106
246
175
143
 97
146
143
125
 44
 63
 47
134
 41
 19
 82
175
148
104
177
204
234
158
252
 10
 67
 15
116
167
 64
114
168
156
 26
229
 90
 66
 82
150
233
 53
 95
227
 28
243
 90
  6
139
176
113
 96
159
196
 81
 82
 29
 30
183
127
206
215
120
 13
231
 55
136
213
 45
170
174
172
115
231
177
230
246
 52
223
 64
143
 56
224
145
211
192
201
217
 53
127
224
214
143
 62
 22
 37
170
 33
121
 58
168
256
101
154
 63
143
142
136
218
138
159
 53
213
214
 12
 72
241
 70
246
 72
 90
 17
 93
 26
102
169
163
 41
146
 10
 72
 40
176
221
162
 85
212
180
110
138
 64
137
 21
199
 24
 14
250
229
 10
 97
 34
225
 90
161
213
138
 44
168
 65
212
157
208
 29
 41
251
 28
248
254
244
 68
 75
 89
 81
123
 94
 21
 88
 25
 49
102
134
 92
170
 96
 89
102
123
  7
190
 19
  5
172
 32
196
120
178
166
 49
104
183
244
146
 95
135
 70
  2
 61
202
121
216
226
219
 62
235
 85
249
123
 60
154
169
 31
144
 29
  7
162
 14
121
164
176
220
 58
117
 43
160
202
241
202
 23
200
 66
 18
124
142
 61
176
 61
197
123
  8
232
212
 51
252
 17
224
187
192
119
114
 30
170
 32
113
204
129
233
127
256
158
 31
168
 59
207
 85
  2
 69
 35
227
176
 10
151
 46
160
218
130
 18
212
112
251
230
192
228
141
 35
122
111
 70
112
176
108
236
 26
123
241
207
136
  8
227
 88
222
249
 88
112
228
102
170
  9
122
154
 65
 84
 82
220
254
248
135
108
114
160
137
243
110
 46
 95
243
177
180
 15
192
109
 25
127
124
224
 78
131
202
155
206
125
114
140
185
 24
185
100
157
106
133
153
 17
  7
 20
181
 30
 86
195
 63
226
139
 80
185
 38
130
  3
 51
223
 55
146
 53
184
189
 79
253
106
218
 36
137
 73
166
 97
 55
241
 53
237
 17
245
104
183
 94
 18
234
213
100
148
253
 26
136
105
 85
 82
240
253
224
113
120
 58
139
 37
 45
  5
 85
236
186
245
 68
181
185
222
 41
190
188
  8
  7
 70
 58
 75
226
225
117
124
 14
248
  7
176
214
132
145
 49
202
173
208
102
138
109
247
100
208
180
167
 58
155
 74
 69
141
197
 24
229
153
142
213
 79
254
115
169
 36
177
108
218
210
 37
 38
183
  6
205
 97
225
105
149
113
225
 43
180
179
 90
219
 29
  5
225
177
124
  7
  9
 12
162
121
 64
227
197
100
178
110
  5
143
 22
151
 44
 68
124
 31
255
 35
  5
245
 81
200
198
149
256
 29
 12
 64
 61
 71
 70
219
  8
154
103
162
239
176
187
  9
137
  3
224
221
186
201
  9
161
165
 38
 55
 64
155
 66
127
186
160
200
161
133
 62
 46
 80
203
192
205
 44
 81
132
 69
162
 50
186
249
249
218
116
237
180
239
111
200
 18
147
 32
253
127
 85
172
 26
198
  7
 27
 83
100
167
122
 36
130
 20
229
 36
162
 27
195
 44
 70
114
161
119
114
225
117
173
206
132
239
118
209
155
179
141
143
225
 22
187
166
 92
120
135
188
161
147
211
 94
 17
149
 82
  1
 38
180
 61
 92
 63
 73
156
 41
239
223
199
 41
205
 51
 99
113
 98
 74
 38
168
246
201
  6
116
118
182
 87
 31
145
 18
 92
 10
 68
113
114
220
 72
 38
152
 61
101
 62
134
119
157
239
 23
224
150
 36
178
145
105
218
144
126
 20
 22
201
 71
 52
 36
 54
 64
 93
 23
190
 36
114
 63
100
140
 69
109
  2
 25
228
213
221
218
222
152
179
179
215
 65
136
 76
 63
106
 79
239
211
214
227
238
242
219
 25
 97
192
 15
255
124
251
140
250
 90
 95
116
255
 67
179
 32
180
188
138
 12
181
219
 15
 53
 76
 34
256
 23
165
  7
202
 65
 46
239
 70
 27
228
203
  8
225
 56
 11
 78
162
191
 11
  3
 42
 95
 93
 60
 37
202
 94
 93
238
211
 40
 48
 79
159
 93
230
181
 44
116
214
214
224
 12
186
137
 87
246
170
 54
117
 35
230
103
 81
 21
154
162
 56
151
163
138
192
167
 99
 71
184
148
 37
154
135
191
 33
139
 31
 41
137
 30
  7
  1
 21
233
184
 98
239
  2
 49
212
  7
135
 25
 69
 28
 84
 11
 23
252
 72
 15
195
109
108
151
217
 19
104
131
127
214
250
153
188
169
218
212
190
125
195
180
170
 92
155
 52
239
 51
 52
 39
227
103
147
 37
185
178
 78
 80
 34
 85
 83
 97
247
215
 98
 64
 87
 21
 85
111
 25
 60
201
155
 15
 26
102
 84
134
144
121
 54
224
246
248
164
 29
212
123
191
235
111
  9
 71
139
 51
226
218
158
123
 42
124
 90
178
144
177
163
210
107
129
215
100
188
114
229
 69
194
195
249
185
 24
219
150
194
114
147
 31
239
155
 64
 22
 49
 23
 61
127
136
 51
152
116
185
107
229
247
229
 80
  3
 11
 99
 40
 22
201
182
201
158
 55
 49
126
179
 37
119
173
249
 67
 95
225
175
148
 94
 49
232
165
 78
 52
209
 58
208
 72
224
220
 80
174
159
113
 41
 99
244
 87
254
 80
253
 45
 42
 99
 95
 94
201
 18
126
 68
141
 19
161
244
232
 41
 11
 39
 48
209
  1
157
245
 79
208
 34
221
 68
169
169
158
237
179
246
170
 75
 67
 51
230
187
 15
161
 93
242
183
 49
251
121
 73
130
 21
238
 26
236
108
 26
 36
244
236
149
 34
183
 64
 25
166
142
233
 89
222
124
 30
246
 57
 75
176
 70
 81
238
181
 49
124
 48
 53
239
 56
 73
 96
160
141
 61
248
221
230
123
138
129
 45
 52
128
221
 68
 48
131
233
238
155
144
194
102
116
 14
 51
102
121
115
149
223
 22
 45
113
112
 77
116
 92
208
219
235
167
115
 17
241
 90
201
147
230
109
229
235
 96
185
 73
 54
 71
 13
 50
 12
253
 27
 61
164
 69
  3
 70
219
183
229
188
 67
252
 41
  8
158
231
  8
 31
  2
177
143
 65
  9
224
 85
168
 48
 24
130
  8
154
  7
194
 40
204
184
224
 54
 92
147
225
217
223
226
213
245
178
  3
189
249
 15
155
242
 45
224
146
107
228
218
201
185
 19
163
244
 52
 28
 51
149
131
 62
241
231
137
194
 14
112
182
233
 91
233
214
162
209
248
121
177
124
211
226
102
 26
118
205
 78
255
152
256
149
 77
162
198
 69
164
187
  9
 54
  3
 47
191
219
208
102
  9
105
254
 37
 89
 84
 97
199
220
 85
256
155
104
241
149
247
127
239
 32
118
166
122
235
100
123
 25
246
120
158
184
246
 54
186
130
 67
161
251
104
127
228
123
177
209
 90
158
 70
120
 88
144
186
242
149
142
250
213
175
250
113
169
 54
 98
253
 23
 35
131
 95
 11
 45
191
212
 27
149
 92
 92
150
131
157
198
 40
198
158
169
141
 40
216
132
132
200
188
130
 18
 98
 48
 92
 62
186
173
 93
178
123
156
 89
 33
233
 54
 86
188
157
244
171
147
181
190
 79
150
107
171
143
116
 52
 18
 33
151
147
  5
101
218
  4
143
233
175
205
  7
 44
150
248
217
160
 53
 10
 32
 63
221
 81
 18
 36
101
 82
 24
207
247
148
 41
242
104
244
170
212
 20
 76
159
 21
109
177
220
210
 11
152
113
 80
218
140
251
 12
 97
106
 18
126
121
122
 43
102
 46
121
109
 65
 51
 94
126
240
198
176
  1
 52
106
238
 43
168
 53
140
 20
 95
244
 38
243
173
 89
117
197
 51
217
 42
118
120
 98
139
 71
233
169
 83
 73
 16
 61
200
127
 90
 54
100
 92
102
204
107
 31
126
206
113
 28
 91
 17
100
245
 98
 18
220
139
 99
120
208
 81
 71
144
200
 30
 47
137
152
149
 87
 10
232
 16
250
239
108
 57
 43
113
 19
  4
 84
101
 61
203
122
153
 18
143
232
107
122
 62
157
 80
 31
158
236
144
 39
 90
103
225
 39
199
 99
196
208
 79
189
256
204
 42
218
137
 69
 68
 11
146
 80
124
129
177
 10
 21
164
140
 66
 40
118
239
214
 22
155
103
  4
 40
 67
 53
219
179
 45
143
119
 13
197
225
253
 77
151
 78
104
 94
 91
107
204
 30
181
 33
 28
 11
113
106
166
 77
182
 35
 60
200
 86
 71
102
 75
104
 92
151
 34
 35
 73
154
229
 54
243
170
 30
 65
 62
 62
 71
183
219
 45
 98
178
170
111
132
211
102
 94
 69
203
109
 56
 13
 28
144
169
219
 74
167
 54
124
104
246
126
 26
234
250
 34
166
246
205
136
 55
 86
 35
206
145
185
 28
247
203
 50
 99
175
197
250
157
  5
 73
245
222
  9
153
108
237
142
171
215
173
 52
106
158
196
208
  7
167
228
 49
 11
244
 56
160
 56
 14
108
 84
135
201
110
109
 64
242
187
208
 91
116
240
212
252
199
122
 36
255
237
135
129
  6
 10
 74
 90
 28
151
202
179
186
 63
 41
187
253
202
223
133
254
198
123
 26
201
 76
226
 95
 48
232
 72
171
 49
134
112
 73
 38
 59
 22
220
145
  7
209
 46
114
  1
  4
100
150
255
169
115
105
 90
 40
 54
193
 17
 45
198
180
 27
193
 80
234
186
 10
 53
157
170
128
200
 77
  9
135
200
228
205
121
195
230
 91
183
218
138
 41
156
 50
144
111
130
147
113
 92
167
116
131
157
226
 24
 84
 95
172
246
 51
234
104
115
 22
193
218
148
 19
 88
 82
 67
 82
216
 28
238
 99
125
115
 67
 87
163
245
 26
 51
111
 54
199
206
 90
199
 18
 60
152
181
 64
 45
146
177
 65
 68
 78
 40
 75
 61
118
149
 51
223
106
116
226
216
253
 77
 88
115
 39
137
 32
200
 45
151
149
 57
171
234
 64
 71
209
 67
 96
 91
  3
 83
 76
 69
 63
 20
 18
184
 28
198
 61
117
 54
130
  4
195
115
121
105
134
250
241
 65
 84
225
138
189
253
 15
159
 11
 43
  2
218
111
 33
236
 99
184
 84
238
211
 97
  3
104
178
 16
151
 89
144
224
160
223
254
163
219
 49
237
 98
252
 42
146
234
191
106
111
 67
236
 56
156
154
 68
  1
 25
206
242
 92
232
136
202
 82
201
 87
220
136
169
232
 61
  8
 57
 80
131
 36
110
184
 46
122
 10
129
238
132
 43
 54
 80
155
157
 41
238
 62
 90
224
174
 35
 19
 22
187
125
234
192
229
 70
182
 54
164
  2
196
181
145
180
 89
195
140
  1
 21
222
 13
 45
 39
213
225
 22
237
167
161
192
 39
136
 23
187
189
210
167
 93
117
 69
  8
 52
206
114
141
180
185
168
 72
226
 30
106
180
168
219
113
149
132
109
160
210
111
 49
194
 60
 93
196
243
180
120
 15
209
 77
134
 81
 95
239
 86
 13
173
196
 77
142
101
111
  1
 38
 19
 87
 18
164
 53
250
245
 48
220
100
 67
171
 37
181
252
 70
235
 55
151
185
251
140
  8
 18
 57
119
 79
222
 83
 95
148
126
200
 61
191
 76
 10
181
192
157
222
 12
 51
236
190
192
247
149
159
187
 27
 59
 46
107
126
222
 57
 71
193
 43
142
179
  5
184
 31
 64
169
 78
128
103
189
107
 99
102
181
114
154
193
204
 70
 59
113
208
 92
127
 23
185
 73
 63
 68
249
189
 50
237
 14
153
 59
 72
 52
210
213
 97
 19
 18
137
 98
 11
 60
212
 91
  4
169
112
141
 77
241
144
213
151
115
169
139
228
103
244
 74
134
156
 56
217
123
212
213
 86
 37
 51
209
 51
194
 95
 58
 24
201
115
206
100
 98
250
 29
 37
117
130
131
 11
156
 42
 27
189
125
 86
 17
 98
145
  7
 26
125
153
181
 22
239
181
229
161
175
224
214
 46
120
  5
 75
218
196
 89
160
235
 53
210
193
132
 12
 14
222
216
162
 61
229
136
  7
166
 13
 83
 95
232
255
 11
 71
 73
 61
 91
 47
184
 12
 89
128
 35
 46
203
 17
187
 51
 92
102
124
 77
101
141
 63
164
118
191
124
113
112
116
 22
255
 21
228
231
  2
 58
 23
  1
184
 43
135
 92
 18
108
 46
182
215
244
243
 28
174
 42
 17
256
 45
201
210
220
 38
208
152
 57
  4
118
202
 76
 16
 62
 81
 77
110
 92
179
204
122
198
 13
101
213
235
207
144
156
228
217
 82
206
217
110
  1
 92
 56
147
 38
 55
139
 95
222
147
 62
166
 59
 76
 83
120
209
  1
 11
 45
 43
192
 29
161
204
 94
 56
 29
 69
153
180
 17
144
171
142
 72
137
 62
 95
152
 70
117
224
172
 31
124
237
 55
132
 76
 30
 90
 75
255
190
 49
 14
 48
185
 52
221
102
 46
 45
128
232
220
151
 89
167
101
 62
100
171
129
110
 25
143
204
 77
116
 41
229
171
213
 52
223
225
222
170
 12
155
 25
120
  7
 85
125
 35
168
197
132
158
127
 95
 40
147
112
199
120
 94
172
145
202
238
104
159
 76
 53
117
 19
 86
218
234
 66
147
 81
 29
 46
126
 26
202
  4
206
 42
138
 26
101
178
 10
242
 70
 81
113
 25
100
 15
 23
 10
250
237
 88
132
225
 26
153
 42
 73
145
 42
128
 87
 15
236
 63
199
 93
202
159
253
 99
134
198
 29
182
119
122
179
166
 26
134
117
126
147
 25
107
 17
125
175
  2
 91
 21
235
229
 37
194
 21
151
 19
192
187
 71
  9
 67
139
137
244
 77
185
117
172
165
 19
187
 59
 49
133
102
177
128
 34
158
  8
214
106
 65
245
  6
 50
223
  7
 77
101
 42
 94
196
 57
 31
250
139
170
 37
158
121
218
 58
103
146
142
 71
 74
 47
 11
 89
187
  7
182
 48
 45
110
199
 90
 71
132
 41
239
103
202
 93
120
 33
 30
201
182
 89
188
188
150
103
151
 12
231
 98
194
197
205
233
163
170
102
 40
123
112
 70
  6
119
192
 89
238
235
199
143
243
 73
 24
 27
 81
217
118
 87
170
 13
204
140
223
164
 43
 48
103
  7
 48
148
 12
103
174
221
146
 37
247
115
243
109
191
250
189
 75
116
161
 81
172
245
205
166
104
 52
 93
162
 30
 90
132
193
245
133
139
182
 51
212
138
129
180
 65
 44
 13
 12
182
148
148
146
 52
 49
 59
150
130
 37
 17
233
 96
 33
  6
132
118
 84
 94
250
 13
180
  3
193
 43
168
  8
160
 51
 64
152
151
102
 60
  2
 46
 30
181
 22
164
185
144
198
119
 67
 69
 57
214
 92
134
137
177
 45
 28
 91
202
115
 69
150
 79
161
114
  5
 27
  1
 56
162
205
165
 87
138
238
 44
186
208
  5
116
 98
173
178
 91
142
 16
142
146
165
174
 26
233
116
 43
216
167
127
225
108
211
239
183
 73
231
256
 63
132
104
127
128
  6
247
195
 37
 86
139
235
 56
151
107
227
 61
213
210
 58
161
 98
199
  7
 48
104
157
174
164
155
254
159
 55
 75
192
 61
 39
157
 75
244
 66
 29
 96
 91
241
159
 78
 16
174
 86
 22
 66
 25
213
247
 77
256
236
 89
 37
132
112
195
161
 55
205
225
219
197
 60
 82
130
 16
 65
141
252
233
101
122
189
223
171
234
 14
174
 65
 41
 34
 54
246
146
246
 89
104
 66
166
187
 30
 13
 79
125
235
226
170
235
111
168
193
173
 25
233
128
120
 50
 11
242
179
 88
156
 73
169
213
202
 95
163
 23
192
 83
 81
230
 94
 44
 69
142
 72
191
 28
165
 98
 60
186
 30
249
198
 60
 96
 26
103
203
 47
204
144
152
 90
220
202
 53
  1
184
194
175
135
 78
147
 41
137
115
135
 32
122
 14
 85
 95
  6
224
 36
146
197
216
200
152
172
 24
222
 41
 61
106
209
 31
243
226
 18
 32
103
 37
242
191
137
153
 27
244
200
208
 77
 15
206
 40
 39
 35
 78
 43
 46
 83
 13
 94
157
 62
 95
226
218
196
 25
 61
  1
209
208
140
153
115
206
112
142
 68
 39
206
  6
239
244
184
  3
250
108
219
198
165
 33
 97
192
245
203
 43
 63
139
178
 34
 42
 98
167
 93
242
 18
161
  2
138
 37
 40
 81
 91
 53
 64
124
154
 17
 30
229
  5
 74
 15
182
144
185
128
 41
119
160
 33
 91
121
  6
217
 62
204
 24
225
  8
219
251
 54
131
 43
108
 34
 37
154
137
102
115
 41
184
 85
184
190
216
 44
125
110
167
181
249
141
110
 54
190
201
  9
 71
252
  2
 92
165
121
112
 19
222
 95
171
176
216
219
 61
 83
105
 34
104
 83
 48
 19
215
 27
174
207
 49
243
185
  1
 61
251
142
 31
 30
 54
 20
157
111
134
 59
 29
163
 51
 66
 57
101
 57
 79
138
 12
195
185
179
 50
198
231
139
108
185
251
 60
 74
173
120
 15
127
 86
252
 47
185
245
 87
145
103
150
164
182
177
128
168
  9
 42
 37
127
126
182
 68
167
174
 78
 81
198
125
101
104
248
252
116
187
123
 20
117
186
 47
114
115
 90
114
 31
117
243
123
102
 26
115
 81
175
220
117
195
150
  8
 33
 96
216
240
 50
 54
203
204
120
 17
 97
135
  6
100
244
105
 66
155
 72
218
156
196
236
154
118
191
217
252
133
224
205
223
 11
112
 98
223
147
196
164
178
191
 58
104
 96
221
  5
122
 62
252
236
 69
132
174
133
146
135
166
 48
 65
215
217
220
133
212
189
254
241
 34
 30
 99
 55
184
130
152
149
 10
125
151
213
248
253
121
  3
178
128
118
 65
  3
121
 79
 64
133
119
 98
169
  3
 81
 21
 88
247
 88
210
 80
146
170
 66
142
116
116
233
234
 99
 44
 92
177
 28
 62
179
 82
201
192
195
227
 64
194
230
105
 57
 14
166
245
  8
182
172
162
168
 42
238
175
194
248
 66
251
228
144
 86
164
199
219
181
168
 10
166
113
226
229
 60
136
106
142
237
182
 83
173
182
151
 26
172
230
141
 28
228
 74
 66
168
181
 36
119
 26
 84
131
 85
212
243
101
 85
204
200
211
198
105
207
150
172
204
 13
132
242
 73
242
203
117
 37
247
 79
 19
103
  2
 78
248
190
208
215
121
 24
185
 16
148
235
166
 49
240
 70
172
 33
 13
146
 51
172
 67
242
 55
113
197
 15
177
 15
101
 34
 47
 74
191
130
 18
 12
209
 62
233
140
 10
128
 39
117
155
 45
157
250
148
169
 93
  9
176
 78
243
112
 62
199
 42
234
 32
 88
214
156
256
202
 20
 29
  4
135
 55
245
 17
 64
 70
 67
135
102
157
 54
198
166
126
 72
 46
230
105
110
121
165
118
 82
136
156
256
 25
221
113
215
 93
 70
195
 41
 42
227
158
203
 49
245
 66
 24
 57
191
 62
204
167
 63
 21
 24
168
  1
 28
108
182
 63
121
251
210
 86
233
 82
217
 33
240
159
188
244
 61
 17
 75
183
217
  5
 37
 13
242
186
 38
 99
 98
178
 10
142
222
 48
 99
150
212
113
157
 77
133
157
 90
189
 17
253
100
 41
199
 97
162
  2
 78
132
 72
 74
165
 67
131
240
227
186
137
 86
109
 34
 99
 53
202
 10
229
210
 14
220
 96
102
123
 92
104
 30
200
199
149
 12
107
 81
151
  4
116
185
 53
 76
 29
 62
 16
144
241
156
222
140
185
 62
237
 22
 20
 82
 59
146
235
 98
220
194
138
 52
201
 66
168
231
217
140
  3
219
 79
 83
235
 16
192
251
 99
216
185
199
233
 39
180
 63
190
 16
 86
164
 12
168
 77
246
245
 17
  4
196
 29
167
172
 36
 21
237
 15
 60
 68
209
101
225
157
242
231
162
  8
162
120
 56
134
191
103
116
142
122
179
223
 71
218
168
122
252
255
155
  6
131
 20
 10
100
 38
252
103
194
102
199
 38
169
191
162
207
110
 81
176
180
117
119
105
238
  7
164
248
225
 53
252
 34
225
247
104
105
147
 81
133
 41
241
240
129
237
245
 81
209
215
236
162
139
214
 31
 64
251
 85
203
  6
158
 16
  7
142
245
256
  3
 18
113
 19
219
 57
135
 63
 67
110
 46
 53
 95
 63
214
201
117
103
107
193
 13
 81
 40
 92
 54
 38
120
248
121
115
151
 10
  1
 59
 77
  2
158
178
108
 59
101
 11
170
204
110
198
 90
229
 33
 15
128
175
250
 70
 39
132
160
 96
 48
241
136
160
163
 44
 30
207
176
185
168
147
253
 98
103
 51
230
209
233
157
 33
208
238
141
106
 88
145
 82
105
 49
215
 68
122
194
141
  2
174
174
143
229
 11
222
173
199
 58
188
214
106
188
129
 51
194
135
193
 56
 62
 17
 97
 40
250
123
171
104
 97
 67
 63
146
255
 45
250
229
146
159
119
160
 84
126
  6
 79
 83
129
140
108
229
214
 54
 69
 51
152
235
148
159
 81
110
182
227
 81
234
202
235
217
  3
 35
 12
 18
239
 80
100
142
211
182
122
184
241
  2
 76
122
184
254
207
155
144
164
191
108
126
208
 24
175
 46
 33
 12
 46
111
173
179
132
133
 19
204
132
212
 15
  1
253
  2
123
215
162
121
196
 25
238
 25
255
207
114
236
213
180
 54
242
109
 28
 35
105
160
 72
212
 22
242
159
 96
 89
149
206
 34
 64
150
199
188
213
237
166
127
195
 89
 88
221
119
 81
223
154
 60
186
207
185
203
170
 17
226
103
145
 91
189
 49
 19
245
188
117
150
201
101
 20
111
176
181
155
 31
 52
126
203
 65
242
188
 61
137
 33
 41
122
155
 46
224
  2
 49
230
188
 63
135
150
117
152
175
176
128
124
205
230
156
203
 50
 10
159
 51
151
 25
245
205
 59
154
253
 38
 46
160
 38
 77
204
111
177
130
 35
 66
155
 88
209
205
  9
 28
 52
 41
129
248
129
124
241
214
215
150
234
 73
 97
228
165
214
203
230
 15
 44
 73
148
 54
 99
  1
230
152
244
176
158
111
104
 20
 68
 61
 42
 84
 74
 97
230
 23
214
 68
 91
161
195
196
230
214
 26
185
235
171
 45
 97
125
 69
111
 76
 46
 96
157
124
 85
210
  1
212
 20
 33
 35
 86
172
 59
209
219
 19
 73
 25
233
  5
112
134
189
229
  9
 80
136
239
228
176
217
218
225
 53
168
167
 79
 60
 29
241
117
 22
 43
186
  6
 91
 78
255
 91
 25
195
  3
163
 24
246
128
  9
 50
100
  4
192
129
 60
 98
 13
 78
140
 94
131
179
146
120
204
191
178
 87
246
 49
109
  8
 70
 28
 77
 56
 50
172
250
248
203
 16
 70
146
171
137
128
210
 70
154
149
 63
142
  9
199
213
 40
228
 70
157
140
 30
231
143
176
 57
 53
230
126
102
 70
243
177
128
145
131
 70
246
 45
 75
176
186
 56
 13
  7
 95
 78
120
 45
 52
250
 97
 13
114
234
 20
196
231
 86
  8
 96
100
230
128
248
 76
149
101
183
 92
 25
145
 23
 56
205
104
 70
208
110
120
153
 67
202
238
172
117
 52
230
 57
229
 52
205
 89
 29
 92
 86
161
182
254
224
 13
108
 51
 69
 26
119
144
175
227
232
 51
235
237
 74
 73
 27
 68
129
 93
190
 58
107
 59
182
156
230
 67
182
108
119
236
 89
204
245
117
 67
 58
173
 56
160
141
118
155
202
130
 35
 65
255
 54
 11
170
151
 86
164
135
172
 44
 57
171
 98
254
 90
117
254
 59
 92
170
 93
109
 95
150
129
237
 24
 84
 67
125
173
  1
 70
187
 96
135
  7
  4
106
205
 26
113
202
 69
 54
233
 75
144
 44
166
138
 57
132
152
 71
241
 62
110
209
 84
 69
137
163
 43
 19
188
 78
128
  5
207
210
191
218
131
 27
  7
133
103
 20
 28
 99
205
155
228
150
245
147
145
182
151
 72
 63
182
157
248
159
232
100
147
103
  6
 21
 94
 21
227
 42
228
 95
225
102
184
 46
 62
144
197
131
212
 34
136
199
111
 40
108
133
178
210
199
 39
164
 53
104
128
 65
 48
182
210
 42
164
229
118
237
256
 74
163
 63
 89
130
196
101
 25
 15
255
201
189
 82
235
 90
 91
 43
167
 65
215
109
110
135
 63
125
140
249
168
125
221
 95
161
250
 40
230
224
 39
 82
  4
 53
250
123
228
 70
164
225
 14
 64
  9
252
204
 72
109
166
 29
120
128
  2
168
151
146
 56
 20
151
 44
 11
100
 24
127
 78
133
245
 22
116
177
 34
251
 75
145
 66
 54
133
 78
 66
252
174
117
191
238
242
179
 43
192
227
185
218
243
  4
193
226
 78
231
 24
 48
177
220
183
220
236
170
172
114
210
109
 71
 14
246
 77
256
241
129
141
 73
144
 22
218
110
249
 58
222
239
104
 15
 69
181
197
 12
229
 29
111
103
253
 38
135
134
200
118
256
 18
 87
130
230
222
 16
234
 79
151
251
220
 48
118
  7
 17
 71
 17
244
133
127
237
172
106
122
189
232
166
137
227
183
128
229
 88
  4
 25
  6
179
 34
 33
 47
201
221
193
212
 51
227
171
 31
 25
243
119
254
231
 91
205
  9
121
 16
105
200
103
215
124
229
167
100
238
174
256
227
188
 84
101
111
170
  3
256
136
188
145
  2
 84
105
 51
166
162
138
 61
200
 66
189
201
  8
104
231
242
244
 17
183
128
138
248
 50
 40
 57
244
 49
181
154
 19
197
 74
149
168
181
108
 61
 42
183
 22
155
230
140
 34
 18
246
109
200
117
254
 36
 28
 18
 98
122
190
186
118
189
189
219
 91
218
 79
152
 56
 82
 28
 66
224
 91
 52
244
164
173
 57
122
167
 71
 55
  3
250
186
189
254
153
191
102
 32
131
 13
 22
231
191
200
203
214
106
175
117
215
 24
  5
112
137
244
 52
 92
243
158
126
214
 22
162
 71
132
131
 57
126
109
115
169
133
135
 56
 87
186
 79
241
 14
162
211
 31
154
225
 84
 50
224
181
222
126
181
124
177
 93
156
 13
137
231
226
163
231
 97
164
144
 66
 60
 67
248
 18
 29
237
208
186
166
235
 97
 38
204
204
168
227
155
200
 34
229
211
217
 88
207
124
206
 19
 77
175
111
216
  1
252
192
128
205
 30
 12
248
 40
198
204
108
139
118
 87
148
199
 58
208
187
 25
 51
 90
 80
  4
201
117
183
 22
166
113
239
194
 80
222
 56
 46
100
 96
192
165
150
 46
123
 60
 83
  7
175
 60
 99
244
185
  1
173
 34
 19
 26
214
105
153
 73
 66
162
163
127
 74
128
 25
116
 98
 89
154
208
250
 21
211
125
215
 73
201
 57
 68
169
205
146
105
 53
 70
206
141
256
247
256
241
 55
149
213
134
254
113
167
 27
 99
191
235
170
208
157
139
  7
 46
 72
129
 21
132
108
144
 82
 29
 17
 51
137
107
177
133
119
 97
131
 35
249
232
122
 11
175
194
224
120
153
132
169
 10
 33
 80
110
 66
139
 37
184
127
129
132
140
 80
 91
113
216
 33
201
162
249
134
101
 13
175
207
 90
  1
 34
247
 84
178
252
 23
175
150
  2
189
 31
161
253
159
173
 26
187
 93
 98
116
186
210
 63
 38
201
178
228
 42
182
 62
209
194
140
 82
136
194
167
 70
 31
120
230
181
237
 16
  7
194
195
112
139
243
 90
252
 40
190
 83
 36
104
 40
 64
 59
 72
221
 76
 44
247
219
248
252
  1
 27
107
216
 43
 95
 79
 56
251
124
250
246
 47
195
214
173
 39
 32
173
 83
148
 64
189
 18
 81
228
 29
193
186
213
 91
153
 24
160
 72
236
  7
187
 52
146
234
221
122
107
 88
 98
 56
174
163
 81
 48
176
145
 16
216
121
144
 69
 80
115
223
230
209
161
245
163
138
100
  4
170
201
168
 89
242
 88
 52
 38
 91
195
217
114
133
 36
119
 32
103
132
 63
 65
152
100
109
218
 91
201
120
  3
144
 92
 20
  5
 84
185
104
 65
 84
 86
109
113
142
211
 78
194
237
138
196
106
113
114
158
 48
102
235
220
155
 33
 53
128
 50
 64
171
234
 37
 42
 73
 34
216
 68
 35
 48
 21
184
164
164
210
 42
187
144
 99
 76
239
 18
215
 91
233
 73
173
159
199
  7
130
 58
107
  4
182
 96
193
127
101
188
103
255
 90
 35
226
106
194
 81
250
 58
 12
162
  9
235
151
160
246
123
 16
229
 98
151
174
 84
156
121
 33
 15
 84
  7
 85
 85
191
 48
 76
145
 36
 49
145
211
140
209
252
191
189
161
 20
 31
 59
168
 45
227
160
182
 94
114
210
 76
137
  3
110
205
 28
104
167
148
 96
 47
108
 35
244
189
256
157
 50
237
  8
167
 31
222
119
 13
 62
 80
  1
183
 61
184
110
222
123
134
 16
223
163
 80
231
119
140
102
232
 22
 30
229
 25
 98
144
 29
180
186
241
123
 37
 64
 97
 83
 54
235
218
242
 91
  2
 52
 55
106
223
222
256
 60
114
 22
140
191
 87
185
247
 48
190
186
146
 76
 64
 52
 60
104
141
112
 59
192
 16
231
140
212
106
224
210
106
 79
195
 38
 48
 48
 24
203
245
 37
 76
138
 18
142
 58
206
155
177
249
 13
230
 60
113
 45
236
151
 72
236
 56
 36
 23
 58
175
133
136
 26
100
 83
 98
 50
 54
212
188
  8
255
 75
252
 23
235
248
192
 43
 78
174
244
156
 62
133
 27
183
116
241
 99
204
220
133
172
254
  6
247
 87
178
 14
147
122
 70
110
235
136
192
  7
104
142
164
155
228
121
160
174
241
200
165
 10
189
248
 48
254
 21
  4
127
 74
226
195
206
222
110
 62
251
213
140
125
250
197
 82
164
136
 87
  9
222
115
192
237
245
199
168
 53
200
 75
190
121
158
136
197
120
 13
162
  3
  7
121
100
215
 53
239
127
210
236
 58
 94
213
 49
 10
124
225
 85
239
242
 43
160
199
205
 39
151
137
 98
230
207
 94
229
 39
 44
140
 45
170
 87
148
 16
164
156
  9
210
240
124
 19
145
205
178
150
198
146
240
217
172
195
176
250
137
 17
 58
 81
193
106
 60
 63
154
229
 41
196
244
 67
  1
203
  4
105
 21
 17
135
243
198
 66
 68
100
192
 99
113
 82
 82
200
 39
  1
 20
 80
194
143
222
240
170
 44
140
233
181
126
 25
 29
234
193
228
223
 99
232
 37
134
105
 34
 13
143
165
123
165
219
 30
103
242
137
243
207
239
 68
100
  5
191
 23
191
 37
192
 50
 20
112
 96
145
 51
127
229
  3
206
172
 46
152
 37
155
 40
129
151
101
192
199
 32
222
203
210
 25
173
173
 30
185
253
179
165
 71
201
223
 64
209
194
 18
 70
189
123
190
 77
 40
162
228
130
214
141
 16
223
156
221
 29
174
  9
178
 96
 47
 92
 43
 74
195
 14
154
197
154
 38
218
118
  2
244
 95
 32
 22
116
126
 30
105
164
 25
217
132
 19
219
 38
175
133
145
160
253
  5
 90
256
160
221
  9
118
 44
235
183
157
139
  6
 29
 48
107
180
 27
 82
 66
155
157
 33
171
106
 24
 72
168
144
 40
196
246
193
 51
170
 89
 24
 49
 51
 65
210
 93
154
 32
227
131
 67
125
179
177
 92
231
 80
 16
 40
231
146
221
111
 84
113
 64
192
244
134
 78
165
149
135
206
241
194
193
245
139
146
178
 37
194
 80
163
 46
 80
201
 87
 33
  5
150
 54
 67
 84
142
244
 90
183
 84
120
223
 15
228
146
 45
130
215
202
151
184
 11
254
 64
178
104
153
 24
222
247
221
206
  5
 49
250
193
 52
107
121
 99
 29
 28
110
158
 74
134
109
109
201
108
195
219
 21
 60
142
 86
249
 36
169
240
256
 33
177
202
 59
133
178
101
 56
195
236
 49
 82
 10
159
 40
112
 15
 18
 82
 97
209
138
114
106
245
 62
133
199
164
176
215
 31
 62
 62
 70
108
  6
167
238
 36
 97
191
184
169
 68
 72
 58
 47
 58
121
 11
237
  1
173
116
122
183
124
 52
213
196
183
137
135
 49
160
 37
177
 37
206
146
 94
143
212
110
 68
150
 89
 12
241
198
143
217
190
 99
220
 19
164
248
139
199
129
110
208
136
149
111
 60
 26
 35
 37
239
 34
142
168
 89
126
177
112
 92
 15
184
 38
164
185
113
184
 96
 15
 49
 25
127
252
248
213
 37
 26
 82
 82
230
167
 98
 23
121
162
193
 43
 34
241
138
252
233
157
235
104
130
 10
 25
213
 87
 30
159
245
166
104
226
109
104
 35
157
129
 71
230
 58
180
 28
188
228
106
182
 14
 12
176
126
174
 84
218
115
114
168
 10
 76
109
153
  6
 16
228
128
251
216
256
176
 29
193
182
 30
192
155
227
176
186
222
214
103
 81
153
182
143
227
 90
 23
110
 40
224
  7
238
 33
152
153
155
159
185
159
190
170
 20
190
 91
 21
162
118
166
 78
242
 75
157
202
212
 87
 86
 83
244
154
 26
151
 49
138
166
 45
254
 33
207
241
 49
 59
107
107
  2
 72
 72
 85
 49
185
 47
 63
125
 38
162
234
 24
191
138
 76
152
170
171
157
 92
 50
198
182
 39
172
 22
216
175
184
 61
182
 67
 69
130
 81
 96
170
 31
105
 85
  1
106
166
  4
133
213
151
241
254
182
215
112
 93
 91
136
151
198
254
  2
  8
 40
253
 66
163
 39
 56
119
 62
  6
163
 61
 36
115
129
121
100
165
 70
104
223
 26
 41
 17
 51
132
158
 45
138
129
158
199
148
129
191
104
163
179
100
174
100
 20
 86
 60
 67
127
144
 66
214
  3
233
242
181
213
247
253
126
 91
133
102
256
202
 69
 89
111
191
 58
127
199
204
  9
 38
190
231
125
 31
121
241
 51
130
149
246
113
248
 69
153
 37
141
157
242
244
 37
159
239
148
 69
 37
  7
191
 32
151
206
242
 40
177
255
 32
 58
 19
137
 82
235
192
 25
 13
223
 57
 51
 89
 49
104
 99
108
 20
213
172
195
182
139
136
150
  1
127
 53
130
 22
198
 16
254
 30
